010100110000010000100000000001
000110101001000110000101000100
000000000100010110000010001100
111000100000000001000010001000
011000001000010100110000000000
011000100010100110100110100000
010011100000000000010000100100
000000000001001000101001010000
101000001000110000100000100010
001000010001001010000000000001
000011010100010000010000000001
000000000111000001000000010000
010000000100010111010010000111
000100000000100000100001000001
000000000000100000100000000011
001000000001000100000000011000
000101000000001110100000100000
000001000000001000001010000001
001000000011100000001010000000
000101001001000000000010000001
100100000010000000000010010000
001110000000010000010000001000
001010001000000000000000000110
000001001010001000000000100000
001000001000000000110100010001
000000110000001000100000000110
011011000110001000000111000101
000000000100100010001000000000
100000110000101000001001000110
000000000000000000010000001000
